{
 "cells": [
  {
   "cell_type": "code",
   "execution_count": 1,
   "metadata": {},
   "outputs": [],
   "source": [
    "import numpy as np\n",
    "import pandas as pd \n",
    "import seaborn as sns"
   ]
  },
  {
   "cell_type": "code",
   "execution_count": 2,
   "metadata": {},
   "outputs": [],
   "source": [
    "archetype_num = 23\n",
    "genes_num = 16460"
   ]
  },
  {
   "cell_type": "code",
   "execution_count": 3,
   "metadata": {},
   "outputs": [],
   "source": [
    "f = open(\"../gene_exp_k=80.txt\")\n",
    "data = f.readlines()\n",
    "f.close()"
   ]
  },
  {
   "cell_type": "code",
   "execution_count": 4,
   "metadata": {},
   "outputs": [],
   "source": [
    "clean_data = np.zeros((archetype_num, genes_num))\n",
    "for i in range(1, genes_num+1):\n",
    "    tmp = data[i].replace('\\n','').split(\" \")\n",
    "    for j in range(1, archetype_num+1):\n",
    "        clean_data[j-1][i-1] = float(tmp[j])"
   ]
  },
  {
   "cell_type": "code",
   "execution_count": 5,
   "metadata": {},
   "outputs": [],
   "source": [
    "df = pd.DataFrame(clean_data.T) "
   ]
  },
  {
   "cell_type": "code",
   "execution_count": 6,
   "metadata": {},
   "outputs": [
    {
     "data": {
      "text/html": [
       "<div>\n",
       "<style scoped>\n",
       "    .dataframe tbody tr th:only-of-type {\n",
       "        vertical-align: middle;\n",
       "    }\n",
       "\n",
       "    .dataframe tbody tr th {\n",
       "        vertical-align: top;\n",
       "    }\n",
       "\n",
       "    .dataframe thead th {\n",
       "        text-align: right;\n",
       "    }\n",
       "</style>\n",
       "<table border=\"1\" class=\"dataframe\">\n",
       "  <thead>\n",
       "    <tr style=\"text-align: right;\">\n",
       "      <th></th>\n",
       "      <th>0</th>\n",
       "      <th>1</th>\n",
       "      <th>2</th>\n",
       "      <th>3</th>\n",
       "      <th>4</th>\n",
       "      <th>5</th>\n",
       "      <th>6</th>\n",
       "      <th>7</th>\n",
       "      <th>8</th>\n",
       "      <th>9</th>\n",
       "      <th>...</th>\n",
       "      <th>13</th>\n",
       "      <th>14</th>\n",
       "      <th>15</th>\n",
       "      <th>16</th>\n",
       "      <th>17</th>\n",
       "      <th>18</th>\n",
       "      <th>19</th>\n",
       "      <th>20</th>\n",
       "      <th>21</th>\n",
       "      <th>22</th>\n",
       "    </tr>\n",
       "  </thead>\n",
       "  <tbody>\n",
       "    <tr>\n",
       "      <th>0</th>\n",
       "      <td>1.000000</td>\n",
       "      <td>0.973561</td>\n",
       "      <td>0.989383</td>\n",
       "      <td>0.991931</td>\n",
       "      <td>0.985399</td>\n",
       "      <td>0.988210</td>\n",
       "      <td>0.988382</td>\n",
       "      <td>0.989763</td>\n",
       "      <td>0.993906</td>\n",
       "      <td>0.995552</td>\n",
       "      <td>...</td>\n",
       "      <td>0.977515</td>\n",
       "      <td>0.982679</td>\n",
       "      <td>0.989911</td>\n",
       "      <td>0.976550</td>\n",
       "      <td>0.986423</td>\n",
       "      <td>0.995162</td>\n",
       "      <td>0.985988</td>\n",
       "      <td>0.984305</td>\n",
       "      <td>0.969066</td>\n",
       "      <td>0.986018</td>\n",
       "    </tr>\n",
       "    <tr>\n",
       "      <th>1</th>\n",
       "      <td>0.973561</td>\n",
       "      <td>1.000000</td>\n",
       "      <td>0.993045</td>\n",
       "      <td>0.969555</td>\n",
       "      <td>0.992321</td>\n",
       "      <td>0.980371</td>\n",
       "      <td>0.992174</td>\n",
       "      <td>0.989430</td>\n",
       "      <td>0.989494</td>\n",
       "      <td>0.985756</td>\n",
       "      <td>...</td>\n",
       "      <td>0.991379</td>\n",
       "      <td>0.994281</td>\n",
       "      <td>0.993419</td>\n",
       "      <td>0.996791</td>\n",
       "      <td>0.993910</td>\n",
       "      <td>0.980738</td>\n",
       "      <td>0.994769</td>\n",
       "      <td>0.996325</td>\n",
       "      <td>0.990761</td>\n",
       "      <td>0.994389</td>\n",
       "    </tr>\n",
       "    <tr>\n",
       "      <th>2</th>\n",
       "      <td>0.989383</td>\n",
       "      <td>0.993045</td>\n",
       "      <td>1.000000</td>\n",
       "      <td>0.985035</td>\n",
       "      <td>0.997753</td>\n",
       "      <td>0.993542</td>\n",
       "      <td>0.992613</td>\n",
       "      <td>0.996798</td>\n",
       "      <td>0.994287</td>\n",
       "      <td>0.994715</td>\n",
       "      <td>...</td>\n",
       "      <td>0.988384</td>\n",
       "      <td>0.997801</td>\n",
       "      <td>0.998006</td>\n",
       "      <td>0.993292</td>\n",
       "      <td>0.997154</td>\n",
       "      <td>0.993225</td>\n",
       "      <td>0.994803</td>\n",
       "      <td>0.997303</td>\n",
       "      <td>0.986617</td>\n",
       "      <td>0.995496</td>\n",
       "    </tr>\n",
       "    <tr>\n",
       "      <th>3</th>\n",
       "      <td>0.991931</td>\n",
       "      <td>0.969555</td>\n",
       "      <td>0.985035</td>\n",
       "      <td>1.000000</td>\n",
       "      <td>0.979756</td>\n",
       "      <td>0.992842</td>\n",
       "      <td>0.980017</td>\n",
       "      <td>0.989906</td>\n",
       "      <td>0.985152</td>\n",
       "      <td>0.985379</td>\n",
       "      <td>...</td>\n",
       "      <td>0.977433</td>\n",
       "      <td>0.983394</td>\n",
       "      <td>0.986663</td>\n",
       "      <td>0.969545</td>\n",
       "      <td>0.984611</td>\n",
       "      <td>0.996098</td>\n",
       "      <td>0.983549</td>\n",
       "      <td>0.980011</td>\n",
       "      <td>0.978044</td>\n",
       "      <td>0.979337</td>\n",
       "    </tr>\n",
       "    <tr>\n",
       "      <th>4</th>\n",
       "      <td>0.985399</td>\n",
       "      <td>0.992321</td>\n",
       "      <td>0.997753</td>\n",
       "      <td>0.979756</td>\n",
       "      <td>1.000000</td>\n",
       "      <td>0.992225</td>\n",
       "      <td>0.988881</td>\n",
       "      <td>0.996827</td>\n",
       "      <td>0.991073</td>\n",
       "      <td>0.994947</td>\n",
       "      <td>...</td>\n",
       "      <td>0.984985</td>\n",
       "      <td>0.995417</td>\n",
       "      <td>0.996602</td>\n",
       "      <td>0.993410</td>\n",
       "      <td>0.996702</td>\n",
       "      <td>0.987495</td>\n",
       "      <td>0.992883</td>\n",
       "      <td>0.995488</td>\n",
       "      <td>0.980851</td>\n",
       "      <td>0.994258</td>\n",
       "    </tr>\n",
       "    <tr>\n",
       "      <th>5</th>\n",
       "      <td>0.988210</td>\n",
       "      <td>0.980371</td>\n",
       "      <td>0.993542</td>\n",
       "      <td>0.992842</td>\n",
       "      <td>0.992225</td>\n",
       "      <td>1.000000</td>\n",
       "      <td>0.980026</td>\n",
       "      <td>0.994895</td>\n",
       "      <td>0.985716</td>\n",
       "      <td>0.989387</td>\n",
       "      <td>...</td>\n",
       "      <td>0.977936</td>\n",
       "      <td>0.993963</td>\n",
       "      <td>0.993773</td>\n",
       "      <td>0.979135</td>\n",
       "      <td>0.993229</td>\n",
       "      <td>0.994555</td>\n",
       "      <td>0.989025</td>\n",
       "      <td>0.987419</td>\n",
       "      <td>0.982477</td>\n",
       "      <td>0.983990</td>\n",
       "    </tr>\n",
       "    <tr>\n",
       "      <th>6</th>\n",
       "      <td>0.988382</td>\n",
       "      <td>0.992174</td>\n",
       "      <td>0.992613</td>\n",
       "      <td>0.980017</td>\n",
       "      <td>0.988881</td>\n",
       "      <td>0.980026</td>\n",
       "      <td>1.000000</td>\n",
       "      <td>0.990393</td>\n",
       "      <td>0.996559</td>\n",
       "      <td>0.993163</td>\n",
       "      <td>...</td>\n",
       "      <td>0.994187</td>\n",
       "      <td>0.988864</td>\n",
       "      <td>0.992993</td>\n",
       "      <td>0.994449</td>\n",
       "      <td>0.990662</td>\n",
       "      <td>0.988647</td>\n",
       "      <td>0.994143</td>\n",
       "      <td>0.994469</td>\n",
       "      <td>0.984747</td>\n",
       "      <td>0.997563</td>\n",
       "    </tr>\n",
       "    <tr>\n",
       "      <th>7</th>\n",
       "      <td>0.989763</td>\n",
       "      <td>0.989430</td>\n",
       "      <td>0.996798</td>\n",
       "      <td>0.989906</td>\n",
       "      <td>0.996827</td>\n",
       "      <td>0.994895</td>\n",
       "      <td>0.990393</td>\n",
       "      <td>1.000000</td>\n",
       "      <td>0.991897</td>\n",
       "      <td>0.994727</td>\n",
       "      <td>...</td>\n",
       "      <td>0.989859</td>\n",
       "      <td>0.994640</td>\n",
       "      <td>0.996610</td>\n",
       "      <td>0.990794</td>\n",
       "      <td>0.995282</td>\n",
       "      <td>0.992398</td>\n",
       "      <td>0.993467</td>\n",
       "      <td>0.994774</td>\n",
       "      <td>0.985012</td>\n",
       "      <td>0.993945</td>\n",
       "    </tr>\n",
       "    <tr>\n",
       "      <th>8</th>\n",
       "      <td>0.993906</td>\n",
       "      <td>0.989494</td>\n",
       "      <td>0.994287</td>\n",
       "      <td>0.985152</td>\n",
       "      <td>0.991073</td>\n",
       "      <td>0.985716</td>\n",
       "      <td>0.996559</td>\n",
       "      <td>0.991897</td>\n",
       "      <td>1.000000</td>\n",
       "      <td>0.996388</td>\n",
       "      <td>...</td>\n",
       "      <td>0.986964</td>\n",
       "      <td>0.989977</td>\n",
       "      <td>0.995431</td>\n",
       "      <td>0.989166</td>\n",
       "      <td>0.994195</td>\n",
       "      <td>0.993153</td>\n",
       "      <td>0.994429</td>\n",
       "      <td>0.994241</td>\n",
       "      <td>0.980766</td>\n",
       "      <td>0.994664</td>\n",
       "    </tr>\n",
       "    <tr>\n",
       "      <th>9</th>\n",
       "      <td>0.995552</td>\n",
       "      <td>0.985756</td>\n",
       "      <td>0.994715</td>\n",
       "      <td>0.985379</td>\n",
       "      <td>0.994947</td>\n",
       "      <td>0.989387</td>\n",
       "      <td>0.993163</td>\n",
       "      <td>0.994727</td>\n",
       "      <td>0.996388</td>\n",
       "      <td>1.000000</td>\n",
       "      <td>...</td>\n",
       "      <td>0.983901</td>\n",
       "      <td>0.989395</td>\n",
       "      <td>0.995237</td>\n",
       "      <td>0.988823</td>\n",
       "      <td>0.993640</td>\n",
       "      <td>0.991667</td>\n",
       "      <td>0.992711</td>\n",
       "      <td>0.991486</td>\n",
       "      <td>0.974590</td>\n",
       "      <td>0.993955</td>\n",
       "    </tr>\n",
       "    <tr>\n",
       "      <th>10</th>\n",
       "      <td>0.989050</td>\n",
       "      <td>0.995205</td>\n",
       "      <td>0.997759</td>\n",
       "      <td>0.986703</td>\n",
       "      <td>0.994819</td>\n",
       "      <td>0.990850</td>\n",
       "      <td>0.996409</td>\n",
       "      <td>0.996578</td>\n",
       "      <td>0.995844</td>\n",
       "      <td>0.994084</td>\n",
       "      <td>...</td>\n",
       "      <td>0.994433</td>\n",
       "      <td>0.996927</td>\n",
       "      <td>0.998225</td>\n",
       "      <td>0.994588</td>\n",
       "      <td>0.996473</td>\n",
       "      <td>0.993525</td>\n",
       "      <td>0.997850</td>\n",
       "      <td>0.997574</td>\n",
       "      <td>0.991803</td>\n",
       "      <td>0.996833</td>\n",
       "    </tr>\n",
       "    <tr>\n",
       "      <th>11</th>\n",
       "      <td>0.963460</td>\n",
       "      <td>0.994251</td>\n",
       "      <td>0.987035</td>\n",
       "      <td>0.964823</td>\n",
       "      <td>0.985730</td>\n",
       "      <td>0.975986</td>\n",
       "      <td>0.985289</td>\n",
       "      <td>0.985710</td>\n",
       "      <td>0.977906</td>\n",
       "      <td>0.975835</td>\n",
       "      <td>...</td>\n",
       "      <td>0.994335</td>\n",
       "      <td>0.990163</td>\n",
       "      <td>0.988082</td>\n",
       "      <td>0.993465</td>\n",
       "      <td>0.984365</td>\n",
       "      <td>0.973292</td>\n",
       "      <td>0.987294</td>\n",
       "      <td>0.991428</td>\n",
       "      <td>0.992566</td>\n",
       "      <td>0.987922</td>\n",
       "    </tr>\n",
       "    <tr>\n",
       "      <th>12</th>\n",
       "      <td>0.977773</td>\n",
       "      <td>0.984201</td>\n",
       "      <td>0.984877</td>\n",
       "      <td>0.982932</td>\n",
       "      <td>0.982715</td>\n",
       "      <td>0.979786</td>\n",
       "      <td>0.987919</td>\n",
       "      <td>0.991726</td>\n",
       "      <td>0.983106</td>\n",
       "      <td>0.981945</td>\n",
       "      <td>...</td>\n",
       "      <td>0.995755</td>\n",
       "      <td>0.983549</td>\n",
       "      <td>0.986583</td>\n",
       "      <td>0.986601</td>\n",
       "      <td>0.982690</td>\n",
       "      <td>0.982062</td>\n",
       "      <td>0.985717</td>\n",
       "      <td>0.987811</td>\n",
       "      <td>0.986074</td>\n",
       "      <td>0.988469</td>\n",
       "    </tr>\n",
       "    <tr>\n",
       "      <th>13</th>\n",
       "      <td>0.977515</td>\n",
       "      <td>0.991379</td>\n",
       "      <td>0.988384</td>\n",
       "      <td>0.977433</td>\n",
       "      <td>0.984985</td>\n",
       "      <td>0.977936</td>\n",
       "      <td>0.994187</td>\n",
       "      <td>0.989859</td>\n",
       "      <td>0.986964</td>\n",
       "      <td>0.983901</td>\n",
       "      <td>...</td>\n",
       "      <td>1.000000</td>\n",
       "      <td>0.987752</td>\n",
       "      <td>0.990090</td>\n",
       "      <td>0.993438</td>\n",
       "      <td>0.985322</td>\n",
       "      <td>0.982468</td>\n",
       "      <td>0.990222</td>\n",
       "      <td>0.992624</td>\n",
       "      <td>0.991071</td>\n",
       "      <td>0.993103</td>\n",
       "    </tr>\n",
       "    <tr>\n",
       "      <th>14</th>\n",
       "      <td>0.982679</td>\n",
       "      <td>0.994281</td>\n",
       "      <td>0.997801</td>\n",
       "      <td>0.983394</td>\n",
       "      <td>0.995417</td>\n",
       "      <td>0.993963</td>\n",
       "      <td>0.988864</td>\n",
       "      <td>0.994640</td>\n",
       "      <td>0.989977</td>\n",
       "      <td>0.989395</td>\n",
       "      <td>...</td>\n",
       "      <td>0.987752</td>\n",
       "      <td>1.000000</td>\n",
       "      <td>0.997341</td>\n",
       "      <td>0.991380</td>\n",
       "      <td>0.997135</td>\n",
       "      <td>0.991409</td>\n",
       "      <td>0.995957</td>\n",
       "      <td>0.995314</td>\n",
       "      <td>0.992596</td>\n",
       "      <td>0.991987</td>\n",
       "    </tr>\n",
       "    <tr>\n",
       "      <th>15</th>\n",
       "      <td>0.989911</td>\n",
       "      <td>0.993419</td>\n",
       "      <td>0.998006</td>\n",
       "      <td>0.986663</td>\n",
       "      <td>0.996602</td>\n",
       "      <td>0.993773</td>\n",
       "      <td>0.992993</td>\n",
       "      <td>0.996610</td>\n",
       "      <td>0.995431</td>\n",
       "      <td>0.995237</td>\n",
       "      <td>...</td>\n",
       "      <td>0.990090</td>\n",
       "      <td>0.997341</td>\n",
       "      <td>1.000000</td>\n",
       "      <td>0.992118</td>\n",
       "      <td>0.997292</td>\n",
       "      <td>0.993564</td>\n",
       "      <td>0.996561</td>\n",
       "      <td>0.996919</td>\n",
       "      <td>0.988708</td>\n",
       "      <td>0.994212</td>\n",
       "    </tr>\n",
       "    <tr>\n",
       "      <th>16</th>\n",
       "      <td>0.976550</td>\n",
       "      <td>0.996791</td>\n",
       "      <td>0.993292</td>\n",
       "      <td>0.969545</td>\n",
       "      <td>0.993410</td>\n",
       "      <td>0.979135</td>\n",
       "      <td>0.994449</td>\n",
       "      <td>0.990794</td>\n",
       "      <td>0.989166</td>\n",
       "      <td>0.988823</td>\n",
       "      <td>...</td>\n",
       "      <td>0.993438</td>\n",
       "      <td>0.991380</td>\n",
       "      <td>0.992118</td>\n",
       "      <td>1.000000</td>\n",
       "      <td>0.991224</td>\n",
       "      <td>0.979706</td>\n",
       "      <td>0.991524</td>\n",
       "      <td>0.996091</td>\n",
       "      <td>0.985629</td>\n",
       "      <td>0.997843</td>\n",
       "    </tr>\n",
       "    <tr>\n",
       "      <th>17</th>\n",
       "      <td>0.986423</td>\n",
       "      <td>0.993910</td>\n",
       "      <td>0.997154</td>\n",
       "      <td>0.984611</td>\n",
       "      <td>0.996702</td>\n",
       "      <td>0.993229</td>\n",
       "      <td>0.990662</td>\n",
       "      <td>0.995282</td>\n",
       "      <td>0.994195</td>\n",
       "      <td>0.993640</td>\n",
       "      <td>...</td>\n",
       "      <td>0.985322</td>\n",
       "      <td>0.997135</td>\n",
       "      <td>0.997292</td>\n",
       "      <td>0.991224</td>\n",
       "      <td>1.000000</td>\n",
       "      <td>0.992147</td>\n",
       "      <td>0.996568</td>\n",
       "      <td>0.995307</td>\n",
       "      <td>0.987402</td>\n",
       "      <td>0.994028</td>\n",
       "    </tr>\n",
       "    <tr>\n",
       "      <th>18</th>\n",
       "      <td>0.995162</td>\n",
       "      <td>0.980738</td>\n",
       "      <td>0.993225</td>\n",
       "      <td>0.996098</td>\n",
       "      <td>0.987495</td>\n",
       "      <td>0.994555</td>\n",
       "      <td>0.988647</td>\n",
       "      <td>0.992398</td>\n",
       "      <td>0.993153</td>\n",
       "      <td>0.991667</td>\n",
       "      <td>...</td>\n",
       "      <td>0.982468</td>\n",
       "      <td>0.991409</td>\n",
       "      <td>0.993564</td>\n",
       "      <td>0.979706</td>\n",
       "      <td>0.992147</td>\n",
       "      <td>1.000000</td>\n",
       "      <td>0.991590</td>\n",
       "      <td>0.988649</td>\n",
       "      <td>0.983737</td>\n",
       "      <td>0.987500</td>\n",
       "    </tr>\n",
       "    <tr>\n",
       "      <th>19</th>\n",
       "      <td>0.985988</td>\n",
       "      <td>0.994769</td>\n",
       "      <td>0.994803</td>\n",
       "      <td>0.983549</td>\n",
       "      <td>0.992883</td>\n",
       "      <td>0.989025</td>\n",
       "      <td>0.994143</td>\n",
       "      <td>0.993467</td>\n",
       "      <td>0.994429</td>\n",
       "      <td>0.992711</td>\n",
       "      <td>...</td>\n",
       "      <td>0.990222</td>\n",
       "      <td>0.995957</td>\n",
       "      <td>0.996561</td>\n",
       "      <td>0.991524</td>\n",
       "      <td>0.996568</td>\n",
       "      <td>0.991590</td>\n",
       "      <td>1.000000</td>\n",
       "      <td>0.993779</td>\n",
       "      <td>0.990486</td>\n",
       "      <td>0.993589</td>\n",
       "    </tr>\n",
       "    <tr>\n",
       "      <th>20</th>\n",
       "      <td>0.984305</td>\n",
       "      <td>0.996325</td>\n",
       "      <td>0.997303</td>\n",
       "      <td>0.980011</td>\n",
       "      <td>0.995488</td>\n",
       "      <td>0.987419</td>\n",
       "      <td>0.994469</td>\n",
       "      <td>0.994774</td>\n",
       "      <td>0.994241</td>\n",
       "      <td>0.991486</td>\n",
       "      <td>...</td>\n",
       "      <td>0.992624</td>\n",
       "      <td>0.995314</td>\n",
       "      <td>0.996919</td>\n",
       "      <td>0.996091</td>\n",
       "      <td>0.995307</td>\n",
       "      <td>0.988649</td>\n",
       "      <td>0.993779</td>\n",
       "      <td>1.000000</td>\n",
       "      <td>0.988756</td>\n",
       "      <td>0.996812</td>\n",
       "    </tr>\n",
       "    <tr>\n",
       "      <th>21</th>\n",
       "      <td>0.969066</td>\n",
       "      <td>0.990761</td>\n",
       "      <td>0.986617</td>\n",
       "      <td>0.978044</td>\n",
       "      <td>0.980851</td>\n",
       "      <td>0.982477</td>\n",
       "      <td>0.984747</td>\n",
       "      <td>0.985012</td>\n",
       "      <td>0.980766</td>\n",
       "      <td>0.974590</td>\n",
       "      <td>...</td>\n",
       "      <td>0.991071</td>\n",
       "      <td>0.992596</td>\n",
       "      <td>0.988708</td>\n",
       "      <td>0.985629</td>\n",
       "      <td>0.987402</td>\n",
       "      <td>0.983737</td>\n",
       "      <td>0.990486</td>\n",
       "      <td>0.988756</td>\n",
       "      <td>1.000000</td>\n",
       "      <td>0.984968</td>\n",
       "    </tr>\n",
       "    <tr>\n",
       "      <th>22</th>\n",
       "      <td>0.986018</td>\n",
       "      <td>0.994389</td>\n",
       "      <td>0.995496</td>\n",
       "      <td>0.979337</td>\n",
       "      <td>0.994258</td>\n",
       "      <td>0.983990</td>\n",
       "      <td>0.997563</td>\n",
       "      <td>0.993945</td>\n",
       "      <td>0.994664</td>\n",
       "      <td>0.993955</td>\n",
       "      <td>...</td>\n",
       "      <td>0.993103</td>\n",
       "      <td>0.991987</td>\n",
       "      <td>0.994212</td>\n",
       "      <td>0.997843</td>\n",
       "      <td>0.994028</td>\n",
       "      <td>0.987500</td>\n",
       "      <td>0.993589</td>\n",
       "      <td>0.996812</td>\n",
       "      <td>0.984968</td>\n",
       "      <td>1.000000</td>\n",
       "    </tr>\n",
       "  </tbody>\n",
       "</table>\n",
       "<p>23 rows × 23 columns</p>\n",
       "</div>"
      ],
      "text/plain": [
       "          0         1         2         3         4         5         6   \\\n",
       "0   1.000000  0.973561  0.989383  0.991931  0.985399  0.988210  0.988382   \n",
       "1   0.973561  1.000000  0.993045  0.969555  0.992321  0.980371  0.992174   \n",
       "2   0.989383  0.993045  1.000000  0.985035  0.997753  0.993542  0.992613   \n",
       "3   0.991931  0.969555  0.985035  1.000000  0.979756  0.992842  0.980017   \n",
       "4   0.985399  0.992321  0.997753  0.979756  1.000000  0.992225  0.988881   \n",
       "5   0.988210  0.980371  0.993542  0.992842  0.992225  1.000000  0.980026   \n",
       "6   0.988382  0.992174  0.992613  0.980017  0.988881  0.980026  1.000000   \n",
       "7   0.989763  0.989430  0.996798  0.989906  0.996827  0.994895  0.990393   \n",
       "8   0.993906  0.989494  0.994287  0.985152  0.991073  0.985716  0.996559   \n",
       "9   0.995552  0.985756  0.994715  0.985379  0.994947  0.989387  0.993163   \n",
       "10  0.989050  0.995205  0.997759  0.986703  0.994819  0.990850  0.996409   \n",
       "11  0.963460  0.994251  0.987035  0.964823  0.985730  0.975986  0.985289   \n",
       "12  0.977773  0.984201  0.984877  0.982932  0.982715  0.979786  0.987919   \n",
       "13  0.977515  0.991379  0.988384  0.977433  0.984985  0.977936  0.994187   \n",
       "14  0.982679  0.994281  0.997801  0.983394  0.995417  0.993963  0.988864   \n",
       "15  0.989911  0.993419  0.998006  0.986663  0.996602  0.993773  0.992993   \n",
       "16  0.976550  0.996791  0.993292  0.969545  0.993410  0.979135  0.994449   \n",
       "17  0.986423  0.993910  0.997154  0.984611  0.996702  0.993229  0.990662   \n",
       "18  0.995162  0.980738  0.993225  0.996098  0.987495  0.994555  0.988647   \n",
       "19  0.985988  0.994769  0.994803  0.983549  0.992883  0.989025  0.994143   \n",
       "20  0.984305  0.996325  0.997303  0.980011  0.995488  0.987419  0.994469   \n",
       "21  0.969066  0.990761  0.986617  0.978044  0.980851  0.982477  0.984747   \n",
       "22  0.986018  0.994389  0.995496  0.979337  0.994258  0.983990  0.997563   \n",
       "\n",
       "          7         8         9   ...        13        14        15        16  \\\n",
       "0   0.989763  0.993906  0.995552  ...  0.977515  0.982679  0.989911  0.976550   \n",
       "1   0.989430  0.989494  0.985756  ...  0.991379  0.994281  0.993419  0.996791   \n",
       "2   0.996798  0.994287  0.994715  ...  0.988384  0.997801  0.998006  0.993292   \n",
       "3   0.989906  0.985152  0.985379  ...  0.977433  0.983394  0.986663  0.969545   \n",
       "4   0.996827  0.991073  0.994947  ...  0.984985  0.995417  0.996602  0.993410   \n",
       "5   0.994895  0.985716  0.989387  ...  0.977936  0.993963  0.993773  0.979135   \n",
       "6   0.990393  0.996559  0.993163  ...  0.994187  0.988864  0.992993  0.994449   \n",
       "7   1.000000  0.991897  0.994727  ...  0.989859  0.994640  0.996610  0.990794   \n",
       "8   0.991897  1.000000  0.996388  ...  0.986964  0.989977  0.995431  0.989166   \n",
       "9   0.994727  0.996388  1.000000  ...  0.983901  0.989395  0.995237  0.988823   \n",
       "10  0.996578  0.995844  0.994084  ...  0.994433  0.996927  0.998225  0.994588   \n",
       "11  0.985710  0.977906  0.975835  ...  0.994335  0.990163  0.988082  0.993465   \n",
       "12  0.991726  0.983106  0.981945  ...  0.995755  0.983549  0.986583  0.986601   \n",
       "13  0.989859  0.986964  0.983901  ...  1.000000  0.987752  0.990090  0.993438   \n",
       "14  0.994640  0.989977  0.989395  ...  0.987752  1.000000  0.997341  0.991380   \n",
       "15  0.996610  0.995431  0.995237  ...  0.990090  0.997341  1.000000  0.992118   \n",
       "16  0.990794  0.989166  0.988823  ...  0.993438  0.991380  0.992118  1.000000   \n",
       "17  0.995282  0.994195  0.993640  ...  0.985322  0.997135  0.997292  0.991224   \n",
       "18  0.992398  0.993153  0.991667  ...  0.982468  0.991409  0.993564  0.979706   \n",
       "19  0.993467  0.994429  0.992711  ...  0.990222  0.995957  0.996561  0.991524   \n",
       "20  0.994774  0.994241  0.991486  ...  0.992624  0.995314  0.996919  0.996091   \n",
       "21  0.985012  0.980766  0.974590  ...  0.991071  0.992596  0.988708  0.985629   \n",
       "22  0.993945  0.994664  0.993955  ...  0.993103  0.991987  0.994212  0.997843   \n",
       "\n",
       "          17        18        19        20        21        22  \n",
       "0   0.986423  0.995162  0.985988  0.984305  0.969066  0.986018  \n",
       "1   0.993910  0.980738  0.994769  0.996325  0.990761  0.994389  \n",
       "2   0.997154  0.993225  0.994803  0.997303  0.986617  0.995496  \n",
       "3   0.984611  0.996098  0.983549  0.980011  0.978044  0.979337  \n",
       "4   0.996702  0.987495  0.992883  0.995488  0.980851  0.994258  \n",
       "5   0.993229  0.994555  0.989025  0.987419  0.982477  0.983990  \n",
       "6   0.990662  0.988647  0.994143  0.994469  0.984747  0.997563  \n",
       "7   0.995282  0.992398  0.993467  0.994774  0.985012  0.993945  \n",
       "8   0.994195  0.993153  0.994429  0.994241  0.980766  0.994664  \n",
       "9   0.993640  0.991667  0.992711  0.991486  0.974590  0.993955  \n",
       "10  0.996473  0.993525  0.997850  0.997574  0.991803  0.996833  \n",
       "11  0.984365  0.973292  0.987294  0.991428  0.992566  0.987922  \n",
       "12  0.982690  0.982062  0.985717  0.987811  0.986074  0.988469  \n",
       "13  0.985322  0.982468  0.990222  0.992624  0.991071  0.993103  \n",
       "14  0.997135  0.991409  0.995957  0.995314  0.992596  0.991987  \n",
       "15  0.997292  0.993564  0.996561  0.996919  0.988708  0.994212  \n",
       "16  0.991224  0.979706  0.991524  0.996091  0.985629  0.997843  \n",
       "17  1.000000  0.992147  0.996568  0.995307  0.987402  0.994028  \n",
       "18  0.992147  1.000000  0.991590  0.988649  0.983737  0.987500  \n",
       "19  0.996568  0.991590  1.000000  0.993779  0.990486  0.993589  \n",
       "20  0.995307  0.988649  0.993779  1.000000  0.988756  0.996812  \n",
       "21  0.987402  0.983737  0.990486  0.988756  1.000000  0.984968  \n",
       "22  0.994028  0.987500  0.993589  0.996812  0.984968  1.000000  \n",
       "\n",
       "[23 rows x 23 columns]"
      ]
     },
     "execution_count": 6,
     "metadata": {},
     "output_type": "execute_result"
    }
   ],
   "source": [
    "corrM = df.corr() \n",
    " \n",
    "corrM "
   ]
  },
  {
   "cell_type": "code",
   "execution_count": 7,
   "metadata": {},
   "outputs": [
    {
     "data": {
